121771
56631
84133
61940
26371
141794
126863
128022
132161
117081
140344
28700
32597
2838
101819
100113
120609
79757
36018
73017
4003
88662
9787
89870
85341
91210
149455
90426
28560
15568
132840
2959
130875
15692
96704
61641
139177
17926
98529
9474
28902
78464
102894
55628
93711
53322
24668
65405
14325
11684
66293
30522
147629
117069
142922
141967
121772
120317
86686
55706
81339
54803
107467
120833
64559
66165
65296
84881
14722
119277
131653
32648
93118
144497
4164
148613
77558
105663
102427
3647
85029
139187
124229
91170
28940
107056
26322
106663
58451
19454
74053
111321
87727
44955
78637
21901
51236
97171
90458
73650
114037
82972
16058
58445
145422
8851
110729
23937
67984
107044
95659
14789
139021
69882
65276
92056
42529
45116
26379
47519
134709
2985
61780
29272
61670
57134
97266
9504
33280
122807
15274
145960
13605
134283
1321
77026
124581
8091
72776
3860
61719
88629
101165
144358
34701
91650
80961
8236
64615
80307
73037
32315
141789
88863
15948
42617
121349
49926
77667
95310
38099
107530
69902
123686
149616
72848
124860
113660
22358
71478
37543
82044
11860
139305
84234
60368
122722
119666
81873
92477
58722
107787
84204
10280
9008
34560
83256
110608
103157
134333
88493
84787
107512
21191
28038
25054
109970
12458
95172
79356
69443
63569
2204
148842
103781
61085
68699
104719
95815
367
133424
13460
109193
125968
25732
54174
61221
141204
42502
141425
129277
36286
118774
134198
94213
121286
55836
11262
25296
9968
60663
19559
106244
42544
105638
69535
107864
79071
130948
130191
33456
88984
40612
122581
6748
30249
93409
97096
83178
81763
59261
56730
17420
130099
32455
26806
110129
10139
28213
133587
88014
18377
458
63614
5097
43477
43937
144533
101056
90515
61925
149887
11864
23732
48322
92571
131168
21480
98729
76278
42187
109767
147026
32942
136115
88624
114730
84019
130934
128157
96254
132004
83910
90481
30034
132131
103878
32084
77120
60108
79740
50405
123014
25976
122270
86464
88684
49530
119086
128758
74126
36758
149660
29166
24154
114825
124892
70637
26535
99356
71863
87290
88845
82753
34572
98963
143882
26660
50178
97124
84321
45383
34389
63624
46002
53512
129571
56096
65512
149080
52028
127189
137606
103052
6778
134598
44832
47739
135865
144664
71055
125217
51538
94766
84034
60273
57836
58586
144619
86284
126898
69883
58569
83399
5645
132559
118682
135916
28623
56391
37438
40187
72764
22738
133950
13594
145128
20206
86984
72856
50787
86374
35418
51950
99586
22657
146900
147709
17395
5595
29962
148436
93702
50193
84694
81868
145874
127070
149225
56058
6682
39019
104438
115450
14115
76163
41822
42856
140577
146490
129070
96535
116120
106440
26509
94211
27148
103384
147116
105269
22066
64614
144805
26172
145517
29696
64486
6519
140791
112429
73644
101522
148550
3825
126345
61009
131534
66075
97176
80152
4093
73800
87378
113012
91486
142855
138635
95691
6776
33684
33824
114885
49294
54978
81817
8519
68475
32555
147560
137305
124452
40324
20882
68161
35158
93351
55829
29023
53278
122376
56717
88987
25558
106423
125678
91276
51978
113193
57430
143783
73115
87419
74274
125366
133664
120546
121842
22173
85703
82306
47947
89039
38778
96373
118769
50710
91302
89010
63571
104981
49332
117800
22335
34146
20981
30503
90864
108009
6894
28606
18370
55362
35460
20913
49191
78511
78186
71790
101024
91511
136984
118242
28298
10379
55209
72309
128068
105882
147727
141536
48731
16647
68609
38272
3642
36627
49627
142780
45211
75973
18547
15412
147927
41438
121584
486
19260
120534
93859
51678
34184
4907
36391
98198
22682
46997
96060
73495
11248
54046
35128
2264
37493
41581
88051
34540
13982
109070
26907
107815
42779
99216
65498
147661
124688
18399
34548
87991
123955
119980
21522
10468
75935
21780
94968
90261
139767
123206
95307
131467
137418
72542
25312
31142
86280
27356
63520
40224
32834
76980
63422
85239
111798
124683
98155
98179
122925
113123
43944
125371
34983
109101
92017
105855
143034
141226
111886
53734
25591
91499
123392
36406
60682
75112
58805
128247
11915
30491
49409
30271
135729
100293
149840
57937
143312
38766
145725
7948
59481
23755
126595
145378
70683
46507
15365
96612
117745
127597
112724
76621
148097
93154
87144
91206
26012
11765
54716
139917
124387
84892
129107
149782
87492
88053
114527
49415
35841
59590
91256
42989
28386
12397
113977
68096
72348
5428
83390
15848
65797
148817
125766
6822
70319
57457
74984
76863
77789
148871
135080
25759
121433
81545
76169
123787
86885
131924
149322
56021
27847
100009
11628
44232
104101
124618
35834
133082
149816
123750
28865
56207
88641
16611
36021
133696
3734
11656
28964
10561
100139
13640
18464
67910
37078
83645
26742
89243
149966
74153
101586
2459
104112
59494
49378
108650
57927
103146
32154
123665
124192
44592
136510
116812
39499
122706
47987
16591
143222
128467
148908
138252
473
137003
134694
43104
63861
36082
147684
14795
107761
60407
5780
48151
80781
148155
148292
6708
68768
11870
48092
143037
4284
135649
145552
147267
14103
64418
100669
61707
16831
50284
16906
70647
63196
146955
45999
145322
56333
25857
97107
4983
34010
140895
3027
35656
77534
114850
10249
56212
11332
119585
111601
70111
111561
36613
94304
43482
108794
20476
71676
60528
70978
140644
19170
134207
80470
94056
52228
82965
82711
68770
128628
86674
101194
134180
101067
28208
133941
70415
92324
101314
61991
51077
111542
36750
39845
10504
92411
85776
27024
149870
111577
73081
6119
29047
61546
46227
84397
101581
19791
22086
55037
141923
76938
85544
29881
111691
23482
28634
109114
23067
27988
70124
49739
124183
19692
45120
87628
12465
136485
49793
44209
59930
54644
37500
99678
42589
4610
12317
146140
64574
5810
82090
75443
134967
95034
57192
131495
9423
147254
25376
79024
61412
116263
104937
29084
57992
19579
5240
119640
10586
14746
86954
43030
76059
131506
22555
131523
79034
146948
129940
101446
92701
122457
87786
51306
28973
53862
28753
66129
56776
72191
61129
141503
71917
114089
11355
141255
109894
133820
802
117011
24352
8499
46763
72654
747
133203
10930
145007
35055
48984
14307
75970
134315
7470
137707
117428
72983
59532
38184
113131
148053
65842
72971
114151
61416
72157
122717
13229
34147
10588
74498
68929
79172
130398
55173
38728
59046
121839
95766
60360
74877
43407
98848
90473
88494
128718
30688
132397
117482
101984
27930
33325
66120
107494
30243
49093
33330
11369
59222
142216
44328
57607
44207
109884
80710
147816
106471
78205
34820
64854
144723
105439
95964
125488
89303
51817
86901
17105
104022
89614
107893
44305
108476
47610
64039
33492
34684
8784
96970
65882
139267
44006
45918
116219
59389
148109
99877
21974
85368
10813
6452
73382
3312
45097
1056
50428
37219
117515
75783
109445
30749
121703
48141
123583
64967
17268
97084
7350
39033
139841
44224
9267
45435
148777
88963
47964
30896
37511
1475
139960
98098
22605
100125
123554
29777
14819
60925
114817
30241
10220
12097
56284
1385
140972
62505
143451
23013
35472
14426
102477
130592
95050
79644
59892
12113
82127
30764
60220
58802
25955
120972
43514
14085
100155
33920
53796
27641
39284
100056
69718
102247
84315
91546
133692
27174
39411
51223
124197
99286
6955
49566
29281
21929
145069
63052
126913
110080
127723
97859
67540
72965
86129
34501
15762
52083
119497
52719
47746
41046
23237
68329
134437
84561
18877
105928
14699
14257
90244
120773
31992
143849
88289
35445
110068
21773
60240
26323
66604
14591
66545
110467
5702
145145
35787
143550
67010
132973
35268
54764
109243
60386
10292
25121
77299
114058
67623
110351
43931
111939
8536
125793
121134
55258
109715
132049
85701
127664
2834
38349
70262
10901
119729
83376
124334
97805
96018
122970
79473
43206
97299
38165
34411
10678
16545
27278
115791
59445
124268
26241
32425
40825
87652
69069
21136
73510
125096
130596
100965
95916
104988
143678
75405
105136
49764
44846
84146
91157
131969
125688
84045
108175
8063
32452
61979
62043
68305
52822
108602
34358
57450
20378
128559
109679
123879
39443
55609
47891
24073
95008
10288
120156
109421
94425
105849
19251
14201
86395
140143
147059
123261
20288
80278
1397
58384
100897
938
145252
78311
148695
39259
26159
88820
58221
47527
114156
68529
21318
97809
44771
50196
22734
3043
137772
20541
84625
102490
31636
136208
121494
46425
95946
148887
145052
45546
133505
108837
56658
39000
53805
103947
61094
144480
110098
129726
133898
47203
25316
111397
120181
117321
108151
126653
135885
121603
57567
115599
119175
17178
53387
25902
52108
114253
25986
36072
23625
35584
33214
146465
85762
131452
107930
141509
64149
76522
85765
101825
77360
4101
77348
4224
112529
20786
22303
105144
11992
91335
80194
38570
90995
121997
8148
105097
72483
91571
43686
64590
129965
73748
19093
138273
98250
123412
112944
119381
77223
7660
397
69771
99343
84311
111259
81832
80573
68071
52907
7393
13843
132203
21909
100649
145244
25592
58238
6969
21000
78111
121708
25497
97499
78051
58397
65115
31106
41816
146101
137416
51516
60399
89556
143314
140637
128731
6268
100282
4614
98239
3144
139290
99360
31056
75929
102733
105573
107266
134165
59342
359
148604
92316
3247
122048
3764
50735
76654
60684
140005
25895
57164
36919
20578
114160
33936
96775
69328
57246
118403
18063
123958
31028
17517
61537
148176
113343
43524
49447
111479
16741
146637
74497
123844
35368
1435
132683
45386
117453
59671
108704
111902
129054
7653
88993
113969
106703
52272
116304
83267
112958
12927
105943
43011
53624
82782
79849
142133
10381
13282
79581
94381
118295
57712
13830
140290
130062
55819
94962
148657
36642
90902
145035
139175
98346
19928
78296
98596
136756
97451
16494
23399
101344
68753
130852
62200
113059
43792
48465
11848
77347
4450
40959